Atbroker [ 0.01748431  0.00847172  0.01192827 -0.02634282 -0.05985785  0.07322983
  0.07587375  0.08296357 -0.08598848  0.02636426]
. [-0.00207247  0.00323573  0.05303967  0.0955613  -0.09958618 -0.07765338
  0.07012451  0.09455338 -0.05797241 -0.04438802]
exe [ 0.07611212 -0.01442198 -0.04402826  0.06937817 -0.05332053 -0.02239759
  0.03258245  0.01293009 -0.08857147 -0.09942813]
Bash [ 0.03429785  0.05166117  0.06282345 -0.02804263  0.07322703  0.02830272
  0.02871004 -0.0238037  -0.0312825  -0.02370142]
. [-0.00207247  0.00323573  0.05303967  0.0955613  -0.09958618 -0.07765338
  0.07012451  0.09455338 -0.05797241 -0.04438802]
exe [ 0.07611212 -0.01442198 -0.04402826  0.06937817 -0.05332053 -0.02239759
  0.03258245  0.01293009 -0.08857147 -0.09942813]
Bitsadmin [ 0.04276437  0.00076058 -0.09584279 -0.09665544 -0.06148194 -0.0012857
  0.01997416  0.09431968  0.05584351 -0.04290696]
. [-0.00207247  0.00323573  0.05303967  0.0955613  -0.09958618 -0.07765338
  0.07012451  0.09455338 -0.05797241 -0.04438802]
exe [ 0.07611212 -0.01442198 -0.04402826  0.06937817 -0.05332053 -0.02239759
  0.03258245  0.01293009 -0.08857147 -0.09942813]
Certutil [ 0.00278317  0.04964359  0.07698309 -0.01144223  0.04323421 -0.05814379
 -0.00804191  0.08100051 -0.02360065 -0.09663455]
. [-0.00207247  0.00323573  0.05303967  0.0955613  -0.09958618 -0.07765338
  0.07012451  0.09455338 -0.05797241 -0.04438802]
exe [ 0.07611212 -0.01442198 -0.04402826  0.06937817 -0.05332053 -0.02239759
  0.03258245  0.01293009 -0.08857147 -0.09942813]
Cmdkey [ 0.0577926  -0.03929823 -0.01222873  0.09980518 -0.02256351 -0.04757065
 -0.05329387  0.0698089  -0.05708872  0.02113663]
. [-0.00207247  0.00323573  0.05303967  0.0955613  -0.09958618 -0.07765338
  0.07012451  0.09455338 -0.05797241 -0.04438802]
exe [ 0.07611212 -0.01442198 -0.04402826  0.06937817 -0.05332053 -0.02239759
  0.03258245  0.01293009 -0.08857147 -0.09942813]
Cmstp [-0.0525566   0.06120714  0.04357307  0.02606355 -0.01491083 -0.02746063
  0.08992936  0.05215775 -0.0216252  -0.0947031 ]
. [-0.00207247  0.00323573  0.05303967  0.0955613  -0.09958618 -0.07765338
  0.07012451  0.09455338 -0.05797241 -0.04438802]
exe [ 0.07611212 -0.01442198 -0.04402826  0.06937817 -0.05332053 -0.02239759
  0.03258245  0.01293009 -0.08857147 -0.09942813]
Control [-0.07426052 -0.01063741 -0.00794947 -0.02562909  0.09682721 -0.00458521
  0.05873761 -0.07447587 -0.02506074 -0.05549864]
. [-0.00207247  0.00323573  0.05303967  0.0955613  -0.09958618 -0.07765338
  0.07012451  0.09455338 -0.05797241 -0.04438802]
exe [ 0.07611212 -0.01442198 -0.04402826  0.06937817 -0.05332053 -0.02239759
  0.03258245  0.01293009 -0.08857147 -0.09942813]
Csc [-0.07139015  0.01241031 -0.07176717 -0.02244618  0.03719304  0.05833124
  0.01198183  0.02102732 -0.04110391  0.07225333]
. [-0.00207247  0.00323573  0.05303967  0.0955613  -0.09958618 -0.07765338
  0.07012451  0.09455338 -0.05797241 -0.04438802]
exe [ 0.07611212 -0.01442198 -0.04402826  0.06937817 -0.05332053 -0.02239759
  0.03258245  0.01293009 -0.08857147 -0.09942813]
Cscript [-0.06313193  0.04644755 -0.08223386  0.02033092 -0.049672   -0.0424239
 -0.03119641  0.05657662  0.0581003  -0.04964358]
. [-0.00207247  0.00323573  0.05303967  0.0955613  -0.09958618 -0.07765338
  0.07012451  0.09455338 -0.05797241 -0.04438802]
exe [ 0.07611212 -0.01442198 -0.04402826  0.06937817 -0.05332053 -0.02239759
  0.03258245  0.01293009 -0.08857147 -0.09942813]
Dfsvc [ 0.00766416 -0.08503188  0.07823955  0.09277149 -0.02756168  0.00782322
  0.00754845  0.05503142 -0.08611214  0.0058097 ]
. [-0.00207247  0.00323573  0.05303967  0.0955613  -0.09958618 -0.07765338
  0.07012451  0.09455338 -0.05797241 -0.04438802]
exe [ 0.07611212 -0.01442198 -0.04402826  0.06937817 -0.05332053 -0.02239759
  0.03258245  0.01293009 -0.08857147 -0.09942813]
Diskshadow [ 0.06870548  0.0223136   0.01123985 -0.09321156  0.08481625 -0.06264405
 -0.02991935  0.03493938 -0.00773891  0.0140985 ]
. [-0.00207247  0.00323573  0.05303967  0.0955613  -0.09958618 -0.07765338
  0.07012451  0.09455338 -0.05797241 -0.04438802]
exe [ 0.07611212 -0.01442198 -0.04402826  0.06937817 -0.05332053 -0.02239759
  0.03258245  0.01293009 -0.08857147 -0.09942813]
Dnscmd [ 0.01792707 -0.06824055 -0.09727694  0.09040025  0.06191786 -0.06915614
  0.03413169  0.0019727   0.04735392 -0.07135324]
. [-0.00207247  0.00323573  0.05303967  0.0955613  -0.09958618 -0.07765338
  0.07012451  0.09455338 -0.05797241 -0.04438802]
exe [ 0.07611212 -0.01442198 -0.04402826  0.06937817 -0.05332053 -0.02239759
  0.03258245  0.01293009 -0.08857147 -0.09942813]
Esentutl [ 0.04026954  0.04347434  0.09957369 -0.0447374  -0.01389264 -0.07317321
 -0.09697829 -0.09080257 -0.01022755 -0.0650329 ]
. [-0.00207247  0.00323573  0.05303967  0.0955613  -0.09958618 -0.07765338
  0.07012451  0.09455338 -0.05797241 -0.04438802]
exe [ 0.07611212 -0.01442198 -0.04402826  0.06937817 -0.05332053 -0.02239759
  0.03258245  0.01293009 -0.08857147 -0.09942813]
Expand [ 0.04849728 -0.06164026  0.02519185  0.00739441 -0.03392154 -0.00979223
  0.09979125  0.09145887 -0.0446183   0.09083027]
. [-0.00207247  0.00323573  0.05303967  0.0955613  -0.09958618 -0.07765338
  0.07012451  0.09455338 -0.05797241 -0.04438802]
exe [ 0.07611212 -0.01442198 -0.04402826  0.06937817 -0.05332053 -0.02239759
  0.03258245  0.01293009 -0.08857147 -0.09942813]
Explorer [-0.05640658  0.05931281 -0.03097037  0.03430251  0.03018592  0.06899453
 -0.02374365  0.08775599  0.07589304 -0.09547419]
. [-0.00207247  0.00323573  0.05303967  0.0955613  -0.09958618 -0.07765338
  0.07012451  0.09455338 -0.05797241 -0.04438802]
exe [ 0.07611212 -0.01442198 -0.04402826  0.06937817 -0.05332053 -0.02239759
  0.03258245  0.01293009 -0.08857147 -0.09942813]
Extexport [-0.07995617 -0.07628785  0.02919058 -0.02803188 -0.06933487 -0.08124723
  0.08304042  0.01984385 -0.09335044 -0.0479999 ]
. [-0.00207247  0.00323573  0.05303967  0.0955613  -0.09958618 -0.07765338
  0.07012451  0.09455338 -0.05797241 -0.04438802]
exe [ 0.07611212 -0.01442198 -0.04402826  0.06937817 -0.05332053 -0.02239759
  0.03258245  0.01293009 -0.08857147 -0.09942813]
Extrac32 [ 0.03136738 -0.04713206  0.05280843 -0.04233442  0.02641796 -0.08045688
  0.06209886  0.04818889  0.00787193  0.03013447]
. [-0.00207247  0.00323573  0.05303967  0.0955613  -0.09958618 -0.07765338
  0.07012451  0.09455338 -0.05797241 -0.04438802]
exe [ 0.07611212 -0.01442198 -0.04402826  0.06937817 -0.05332053 -0.02239759
  0.03258245  0.01293009 -0.08857147 -0.09942813]
Findstr [-0.08732477  0.0212803  -0.0087261  -0.09320666 -0.09431496 -0.01408476
  0.04433308  0.03698541 -0.06498302 -0.06868232]
. [-0.00207247  0.00323573  0.05303967  0.0955613  -0.09958618 -0.07765338
  0.07012451  0.09455338 -0.05797241 -0.04438802]
exe [ 0.07611212 -0.01442198 -0.04402826  0.06937817 -0.05332053 -0.02239759
  0.03258245  0.01293009 -0.08857147 -0.09942813]
Forfiles [-0.04999412 -0.02286844 -0.07250287 -0.09603318 -0.02743629 -0.0836284
 -0.06038876 -0.05670929 -0.02344137 -0.01706997]
. [-0.00207247  0.00323573  0.05303967  0.0955613  -0.09958618 -0.07765338
  0.07012451  0.09455338 -0.05797241 -0.04438802]
exe [ 0.07611212 -0.01442198 -0.04402826  0.06937817 -0.05332053 -0.02239759
  0.03258245  0.01293009 -0.08857147 -0.09942813]
Gpscript [-0.08956999 -0.00735199  0.08152507  0.0769043  -0.07206116 -0.03666831
  0.03118552 -0.09570722  0.01476439  0.06524466]
. [-0.00207247  0.00323573  0.05303967  0.0955613  -0.09958618 -0.07765338
  0.07012451  0.09455338 -0.05797241 -0.04438802]
exe [ 0.07611212 -0.01442198 -0.04402826  0.06937817 -0.05332053 -0.02239759
  0.03258245  0.01293009 -0.08857147 -0.09942813]
hh [ 0.05746419 -0.08763061 -0.04517144 -0.08140161  0.00045956  0.09263633
  0.05973306  0.05067308  0.05061062 -0.03242917]
. [-0.00207247  0.00323573  0.05303967  0.0955613  -0.09958618 -0.07765338
  0.07012451  0.09455338 -0.05797241 -0.04438802]
exe [ 0.07611212 -0.01442198 -0.04402826  0.06937817 -0.05332053 -0.02239759
  0.03258245  0.01293009 -0.08857147 -0.09942813]
Ie4unit [ 0.09552183 -0.07356425 -0.07270388 -0.02265389 -0.00778561 -0.03216103
 -0.00592586  0.07488823 -0.00697519 -0.01624941]
. [-0.00207247  0.00323573  0.05303967  0.0955613  -0.09958618 -0.07765338
  0.07012451  0.09455338 -0.05797241 -0.04438802]
exe [ 0.07611212 -0.01442198 -0.04402826  0.06937817 -0.05332053 -0.02239759
  0.03258245  0.01293009 -0.08857147 -0.09942813]
IEExec [ 0.02744399 -0.08359101  0.07855804  0.08536104 -0.09584087  0.02446266
  0.09904971 -0.07665803 -0.06966919 -0.07736517]
. [-0.00207247  0.00323573  0.05303967  0.0955613  -0.09958618 -0.07765338
  0.07012451  0.09455338 -0.05797241 -0.04438802]
exe [ 0.07611212 -0.01442198 -0.04402826  0.06937817 -0.05332053 -0.02239759
  0.03258245  0.01293009 -0.08857147 -0.09942813]
InfDefaultInstall [ 0.08395924 -0.00681336  0.09144409 -0.08158221  0.03743085  0.02635043
  0.00742713  0.02327676 -0.07469094 -0.09358374]
. [-0.00207247  0.00323573  0.05303967  0.0955613  -0.09958618 -0.07765338
  0.07012451  0.09455338 -0.05797241 -0.04438802]
exe [ 0.07611212 -0.01442198 -0.04402826  0.06937817 -0.05332053 -0.02239759
  0.03258245  0.01293009 -0.08857147 -0.09942813]
InstallUtil [ 0.02354265  0.06147347  0.07993035  0.05763158 -0.00790088  0.08286943
 -0.09315844  0.03423437  0.00253882  0.03844121]
. [-0.00207247  0.00323573  0.05303967  0.0955613  -0.09958618 -0.07765338
  0.07012451  0.09455338 -0.05797241 -0.04438802]
exe [ 0.07611212 -0.01442198 -0.04402826  0.06937817 -0.05332053 -0.02239759
  0.03258245  0.01293009 -0.08857147 -0.09942813]
Makecab [ 0.07391641 -0.06725797  0.0559828  -0.09478248 -0.00829266 -0.08717885
 -0.05073924  0.09318767 -0.01881477  0.02894419]
. [-0.00207247  0.00323573  0.05303967  0.0955613  -0.09958618 -0.07765338
  0.07012451  0.09455338 -0.05797241 -0.04438802]
exe [ 0.07611212 -0.01442198 -0.04402826  0.06937817 -0.05332053 -0.02239759
  0.03258245  0.01293009 -0.08857147 -0.09942813]
Mavinject [ 0.00673631 -0.03820636 -0.07140251 -0.02088872  0.03923898  0.08818684
  0.0925915  -0.05975937 -0.09402671  0.09764377]
. [-0.00207247  0.00323573  0.05303967  0.0955613  -0.09958618 -0.07765338
  0.07012451  0.09455338 -0.05797241 -0.04438802]
exe [ 0.07611212 -0.01442198 -0.04402826  0.06937817 -0.05332053 -0.02239759
  0.03258245  0.01293009 -0.08857147 -0.09942813]
Msbuild [ 0.09382351  0.04671808  0.03966121 -0.06243505  0.08459979 -0.02150165
  0.08825187 -0.05362003 -0.08129419  0.06824559]
. [-0.00207247  0.00323573  0.05303967  0.0955613  -0.09958618 -0.07765338
  0.07012451  0.09455338 -0.05797241 -0.04438802]
exe [ 0.07611212 -0.01442198 -0.04402826  0.06937817 -0.05332053 -0.02239759
  0.03258245  0.01293009 -0.08857147 -0.09942813]
Msconfig [-0.08247346  0.09293195 -0.0019395  -0.01962652  0.04600891 -0.0410489
  0.02744048  0.06949646  0.0607158  -0.07508442]
. [-0.00207247  0.00323573  0.05303967  0.0955613  -0.09958618 -0.07765338
  0.07012451  0.09455338 -0.05797241 -0.04438802]
exe [ 0.07611212 -0.01442198 -0.04402826  0.06937817 -0.05332053 -0.02239759
  0.03258245  0.01293009 -0.08857147 -0.09942813]
Msdt [-0.08534335  0.03207107 -0.04637997 -0.05088955  0.03589618  0.05370339
  0.07769515 -0.05766506  0.07433361  0.06625496]
. [-0.00207247  0.00323573  0.05303967  0.0955613  -0.09958618 -0.07765338
  0.07012451  0.09455338 -0.05797241 -0.04438802]
exe [ 0.07611212 -0.01442198 -0.04402826  0.06937817 -0.05332053 -0.02239759
  0.03258245  0.01293009 -0.08857147 -0.09942813]
mshta [ 0.07808515 -0.09513644 -0.00207919  0.0346528  -0.00929775  0.0838842
  0.09000916  0.0653793  -0.00699162  0.07722241]
. [-0.00207247  0.00323573  0.05303967  0.0955613  -0.09958618 -0.07765338
  0.07012451  0.09455338 -0.05797241 -0.04438802]
exe [ 0.07611212 -0.01442198 -0.04402826  0.06937817 -0.05332053 -0.02239759
  0.03258245  0.01293009 -0.08857147 -0.09942813]
Msiexec [ 0.07898068 -0.06989504 -0.09155865 -0.00355753 -0.03099841  0.07894317
  0.05938574 -0.01545663  0.01510963  0.01790041]
. [-0.00207247  0.00323573  0.05303967  0.0955613  -0.09958618 -0.07765338
  0.07012451  0.09455338 -0.05797241 -0.04438802]
exe [ 0.07611212 -0.01442198 -0.04402826  0.06937817 -0.05332053 -0.02239759
  0.03258245  0.01293009 -0.08857147 -0.09942813]
Netsh [ 0.0996485  -0.04362444 -0.00599338 -0.05695637  0.03850823  0.02786627
  0.06891076  0.06101096  0.09538497  0.09273417]
. [-0.00207247  0.00323573  0.05303967  0.0955613  -0.09958618 -0.07765338
  0.07012451  0.09455338 -0.05797241 -0.04438802]
exe [ 0.07611212 -0.01442198 -0.04402826  0.06937817 -0.05332053 -0.02239759
  0.03258245  0.01293009 -0.08857147 -0.09942813]
Nltest [-0.00414704 -0.08371378 -0.05602125  0.07100248  0.03358112  0.07231671
  0.06795113  0.07528981 -0.03779872 -0.00554332]
. [-0.00207247  0.00323573  0.05303967  0.0955613  -0.09958618 -0.07765338
  0.07012451  0.09455338 -0.05797241 -0.04438802]
exe [ 0.07611212 -0.01442198 -0.04402826  0.06937817 -0.05332053 -0.02239759
  0.03258245  0.01293009 -0.08857147 -0.09942813]
odbcconf [-0.08619688  0.03665738  0.05189884  0.05741938  0.07466918 -0.06167675
  0.01105614  0.06047282 -0.0284005  -0.06173522]
. [-0.00207247  0.00323573  0.05303967  0.0955613  -0.09958618 -0.07765338
  0.07012451  0.09455338 -0.05797241 -0.04438802]
exe [ 0.07611212 -0.01442198 -0.04402826  0.06937817 -0.05332053 -0.02239759
  0.03258245  0.01293009 -0.08857147 -0.09942813]
Openwith [ 0.01629234  0.00187524  0.03476499  0.00219398  0.09616058  0.05059555
 -0.08916911 -0.0703688   0.00904036  0.06393677]
. [-0.00207247  0.00323573  0.05303967  0.0955613  -0.09958618 -0.07765338
  0.07012451  0.09455338 -0.05797241 -0.04438802]
exe [ 0.07611212 -0.01442198 -0.04402826  0.06937817 -0.05332053 -0.02239759
  0.03258245  0.01293009 -0.08857147 -0.09942813]
Pcalua [-0.00856557  0.02826563  0.05401429  0.07052656 -0.05703121  0.0185882
  0.06088864 -0.04798051 -0.03107261  0.0679763 ]
. [-0.00207247  0.00323573  0.05303967  0.0955613  -0.09958618 -0.07765338
  0.07012451  0.09455338 -0.05797241 -0.04438802]
exe [ 0.07611212 -0.01442198 -0.04402826  0.06937817 -0.05332053 -0.02239759
  0.03258245  0.01293009 -0.08857147 -0.09942813]
Pcwrun [-0.03714088 -0.08746627  0.05436863  0.06506141 -0.00782545 -0.06704745
 -0.07091133 -0.02498521  0.05153546 -0.03657266]
. [-0.00207247  0.00323573  0.05303967  0.0955613  -0.09958618 -0.07765338
  0.07012451  0.09455338 -0.05797241 -0.04438802]
exe [ 0.07611212 -0.01442198 -0.04402826  0.06937817 -0.05332053 -0.02239759
  0.03258245  0.01293009 -0.08857147 -0.09942813]
Powershell [ 0.02348376 -0.04519032  0.08388732 -0.09858163  0.06764641  0.02914417
 -0.04932832  0.04398187 -0.01739575  0.06711384]
. [-0.00207247  0.00323573  0.05303967  0.0955613  -0.09958618 -0.07765338
  0.07012451  0.09455338 -0.05797241 -0.04438802]
exe [ 0.07611212 -0.01442198 -0.04402826  0.06937817 -0.05332053 -0.02239759
  0.03258245  0.01293009 -0.08857147 -0.09942813]
PresentationHost [ 0.01087646 -0.01576225  0.02196673 -0.07881576 -0.02717184  0.02663199
  0.05346682 -0.02391515 -0.09510094  0.04505879]
. [-0.00207247  0.00323573  0.05303967  0.0955613  -0.09958618 -0.07765338
  0.07012451  0.09455338 -0.05797241 -0.04438802]
exe [ 0.07611212 -0.01442198 -0.04402826  0.06937817 -0.05332053 -0.02239759
  0.03258245  0.01293009 -0.08857147 -0.09942813]
Print [ 0.0009005   0.03078148 -0.06814958 -0.01381956  0.07672748  0.07352156
 -0.03676578  0.02638664 -0.08314397  0.06209797]
. [-0.00207247  0.00323573  0.05303967  0.0955613  -0.09958618 -0.07765338
  0.07012451  0.09455338 -0.05797241 -0.04438802]
exe [ 0.07611212 -0.01442198 -0.04402826  0.06937817 -0.05332053 -0.02239759
  0.03258245  0.01293009 -0.08857147 -0.09942813]
Psr [-0.04643214 -0.03162383  0.09303796  0.00856409  0.07508253 -0.06058175
  0.05145338  0.09907653 -0.08440953 -0.05122502]
. [-0.00207247  0.00323573  0.05303967  0.0955613  -0.09958618 -0.07765338
  0.07012451  0.09455338 -0.05797241 -0.04438802]
exe [ 0.07611212 -0.01442198 -0.04402826  0.06937817 -0.05332053 -0.02239759
  0.03258245  0.01293009 -0.08857147 -0.09942813]
reg [-0.09373552  0.03826028  0.04881705 -0.06434165  0.0121531  -0.02067917
  0.00020663 -0.09890862  0.02698716 -0.04742934]
. [-0.00207247  0.00323573  0.05303967  0.0955613  -0.09958618 -0.07765338
  0.07012451  0.09455338 -0.05797241 -0.04438802]
exe [ 0.07611212 -0.01442198 -0.04402826  0.06937817 -0.05332053 -0.02239759
  0.03258245  0.01293009 -0.08857147 -0.09942813]
Regasm [-0.07067819 -0.04863396 -0.03782908 -0.08539936  0.07963109 -0.04837448
  0.08419253  0.05257456 -0.06544416  0.03963461]
. [-0.00207247  0.00323573  0.05303967  0.0955613  -0.09958618 -0.07765338
  0.07012451  0.09455338 -0.05797241 -0.04438802]
exe [ 0.07611212 -0.01442198 -0.04402826  0.06937817 -0.05332053 -0.02239759
  0.03258245  0.01293009 -0.08857147 -0.09942813]
regedit [ 0.05472424 -0.07425231 -0.07406336 -0.02476788 -0.08623637 -0.01579638
 -0.00401748  0.03293575  0.01438567 -0.00883455]
. [-0.00207247  0.00323573  0.05303967  0.0955613  -0.09958618 -0.07765338
  0.07012451  0.09455338 -0.05797241 -0.04438802]
exe [ 0.07611212 -0.01442198 -0.04402826  0.06937817 -0.05332053 -0.02239759
  0.03258245  0.01293009 -0.08857147 -0.09942813]
Register [-0.05560781  0.01748225 -0.00889125  0.06835315  0.03918863  0.04476594
  0.01479929 -0.02668527 -0.04444521 -0.01098955]
- [-0.01474462  0.00366357 -0.04098331 -0.07522222 -0.01705191  0.02288234
 -0.00726356  0.05657382 -0.02973952  0.02051161]
cimprovider [ 0.01483947 -0.02628183 -0.07068411 -0.07737276 -0.09204204 -0.06007022
 -0.01785342 -0.04270214 -0.06558421 -0.03807755]
. [-0.00207247  0.00323573  0.05303967  0.0955613  -0.09958618 -0.07765338
  0.07012451  0.09455338 -0.05797241 -0.04438802]
exe [ 0.07611212 -0.01442198 -0.04402826  0.06937817 -0.05332053 -0.02239759
  0.03258245  0.01293009 -0.08857147 -0.09942813]
Regsvcs [ 0.04289158 -0.03739043  0.08378176  0.01533994 -0.0724232   0.09433798
  0.07631212  0.05493282 -0.06848846  0.05822679]
. [-0.00207247  0.00323573  0.05303967  0.0955613  -0.09958618 -0.07765338
  0.07012451  0.09455338 -0.05797241 -0.04438802]
exe [ 0.07611212 -0.01442198 -0.04402826  0.06937817 -0.05332053 -0.02239759
  0.03258245  0.01293009 -0.08857147 -0.09942813]
Regsvr32 [ 4.0090930e-02  5.1853694e-02  4.2559016e-02  1.9397546e-02
 -3.1701624e-02  8.3538450e-02  9.6121803e-02  3.7926029e-02
 -2.8369952e-02  7.1275237e-05]
. [-0.00207247  0.00323573  0.05303967  0.0955613  -0.09958618 -0.07765338
  0.07012451  0.09455338 -0.05797241 -0.04438802]
exe [ 0.07611212 -0.01442198 -0.04402826  0.06937817 -0.05332053 -0.02239759
  0.03258245  0.01293009 -0.08857147 -0.09942813]
Replace [ 0.01216359 -0.08458897 -0.08218032 -0.00223415  0.01234206 -0.05748922
 -0.047236   -0.07334998  0.0832782   0.00123048]
. [-0.00207247  0.00323573  0.05303967  0.0955613  -0.09958618 -0.07765338
  0.07012451  0.09455338 -0.05797241 -0.04438802]
exe [ 0.07611212 -0.01442198 -0.04402826  0.06937817 -0.05332053 -0.02239759
  0.03258245  0.01293009 -0.08857147 -0.09942813]
Robocopy [-0.04509399  0.05701705  0.09180015 -0.04099872  0.07964681  0.05375434
  0.05879123  0.0051259   0.08213083 -0.07019041]
. [-0.00207247  0.00323573  0.05303967  0.0955613  -0.09958618 -0.07765338
  0.07012451  0.09455338 -0.05797241 -0.04438802]
exe [ 0.07611212 -0.01442198 -0.04402826  0.06937817 -0.05332053 -0.02239759
  0.03258245  0.01293009 -0.08857147 -0.09942813]
Rpcping [ 0.0907128   0.08938132 -0.08208434 -0.03012314  0.09886606  0.05104431
 -0.01588087 -0.08692022  0.02961516 -0.06675898]
. [-0.00207247  0.00323573  0.05303967  0.0955613  -0.09958618 -0.07765338
  0.07012451  0.09455338 -0.05797241 -0.04438802]
exe [ 0.07611212 -0.01442198 -0.04402826  0.06937817 -0.05332053 -0.02239759
  0.03258245  0.01293009 -0.08857147 -0.09942813]
Runonce [ 0.0168026  -0.02189569  0.09498933  0.09486607 -0.09781952  0.02507023
  0.06164364  0.03861     0.0200532   0.00409604]
. [-0.00207247  0.00323573  0.05303967  0.0955613  -0.09958618 -0.07765338
  0.07012451  0.09455338 -0.05797241 -0.04438802]
exe [ 0.07611212 -0.01442198 -0.04402826  0.06937817 -0.05332053 -0.02239759
  0.03258245  0.01293009 -0.08857147 -0.09942813]
Runscripthelper [ 0.05892152  0.01509998 -0.00722677  0.09347096 -0.04928994 -0.00846913
  0.09175362  0.06770393  0.01499612 -0.0888216 ]
. [-0.00207247  0.00323573  0.05303967  0.0955613  -0.09958618 -0.07765338
  0.07012451  0.09455338 -0.05797241 -0.04438802]
exe [ 0.07611212 -0.01442198 -0.04402826  0.06937817 -0.05332053 -0.02239759
  0.03258245  0.01293009 -0.08857147 -0.09942813]
SC [ 0.01148746 -0.02288256  0.09368237  0.01209928  0.01490064  0.0240641
 -0.01836007 -0.04999634  0.00232429 -0.0201418 ]
. [-0.00207247  0.00323573  0.05303967  0.0955613  -0.09958618 -0.07765338
  0.07012451  0.09455338 -0.05797241 -0.04438802]
exe [ 0.07611212 -0.01442198 -0.04402826  0.06937817 -0.05332053 -0.02239759
  0.03258245  0.01293009 -0.08857147 -0.09942813]
Scriptrunner [ 0.08132271 -0.04457334 -0.01068357  0.01006365 -0.00191114  0.01148177
  0.06113861 -0.00020272 -0.03245965 -0.01510729]
. [-0.00207247  0.00323573  0.05303967  0.0955613  -0.09958618 -0.07765338
  0.07012451  0.09455338 -0.05797241 -0.04438802]
exe [ 0.07611212 -0.01442198 -0.04402826  0.06937817 -0.05332053 -0.02239759
  0.03258245  0.01293009 -0.08857147 -0.09942813]
SyncAppvPublishingServer [-0.09579442  0.05012186 -0.08733317 -0.04344042 -0.00093309 -0.00353836
 -0.07624704  0.0966751   0.04919644  0.09178554]
. [-0.00207247  0.00323573  0.05303967  0.0955613  -0.09958618 -0.07765338
  0.07012451  0.09455338 -0.05797241 -0.04438802]
exe [ 0.07611212 -0.01442198 -0.04402826  0.06937817 -0.05332053 -0.02239759
  0.03258245  0.01293009 -0.08857147 -0.09942813]
Wab [ 0.085708    0.04283339  0.04324837  0.09284513 -0.08453081  0.0525532
  0.02039352  0.0418828   0.016979    0.04464134]
. [-0.00207247  0.00323573  0.05303967  0.0955613  -0.09958618 -0.07765338
  0.07012451  0.09455338 -0.05797241 -0.04438802]
exe [ 0.07611212 -0.01442198 -0.04402826  0.06937817 -0.05332053 -0.02239759
  0.03258245  0.01293009 -0.08857147 -0.09942813]
WMIC [ 0.0448629   0.06104522 -0.03202097 -0.04575728 -0.00426517  0.02533734
 -0.03263167  0.06057718  0.0415413   0.07764592]
. [-0.00207247  0.00323573  0.05303967  0.0955613  -0.09958618 -0.07765338
  0.07012451  0.09455338 -0.05797241 -0.04438802]
exe [ 0.07611212 -0.01442198 -0.04402826  0.06937817 -0.05332053 -0.02239759
  0.03258245  0.01293009 -0.08857147 -0.09942813]
Wscript [ 0.02563021  0.08116674 -0.01390259  0.0807043   0.03715921 -0.08042257
 -0.03934355 -0.02476611  0.04891447 -0.00869989]
. [-0.00207247  0.00323573  0.05303967  0.0955613  -0.09958618 -0.07765338
  0.07012451  0.09455338 -0.05797241 -0.04438802]
exe [ 0.07611212 -0.01442198 -0.04402826  0.06937817 -0.05332053 -0.02239759
  0.03258245  0.01293009 -0.08857147 -0.09942813]
Xwizard [-0.02830908  0.07833707  0.09322901 -0.01614928 -0.05159249 -0.04701759
 -0.04846051 -0.09602825  0.0137202  -0.04224915]
. [-0.00207247  0.00323573  0.05303967  0.0955613  -0.09958618 -0.07765338
  0.07012451  0.09455338 -0.05797241 -0.04438802]
exe [ 0.07611212 -0.01442198 -0.04402826  0.06937817 -0.05332053 -0.02239759
  0.03258245  0.01293009 -0.08857147 -0.09942813]
Advpack [ 0.02559673  0.05624323 -0.04050122 -0.0957322   0.01504229 -0.06733698
  0.02531991 -0.0376271   0.07027094  0.00590344]
. [-0.00207247  0.00323573  0.05303967  0.0955613  -0.09958618 -0.07765338
  0.07012451  0.09455338 -0.05797241 -0.04438802]
dll [ 0.07481497  0.05133872  0.0682568   0.01015886  0.06031462 -0.03690726
 -0.00702293  0.06002891 -0.07924166 -0.04277885]
Ieadvpack [ 0.03587062 -0.02718748 -0.01708586  0.07656951  0.01380384 -0.05871779
 -0.07805845  0.01233183  0.06408811  0.05510385]
. [-0.00207247  0.00323573  0.05303967  0.0955613  -0.09958618 -0.07765338
  0.07012451  0.09455338 -0.05797241 -0.04438802]
dll [ 0.07481497  0.05133872  0.0682568   0.01015886  0.06031462 -0.03690726
 -0.00702293  0.06002891 -0.07924166 -0.04277885]
Ieframe [-0.08974583  0.08594795  0.04043726  0.0746221   0.09751477 -0.07284977
 -0.09039515  0.05824576  0.09389913  0.03504859]
. [-0.00207247  0.00323573  0.05303967  0.0955613  -0.09958618 -0.07765338
  0.07012451  0.09455338 -0.05797241 -0.04438802]
dll [ 0.07481497  0.05133872  0.0682568   0.01015886  0.06031462 -0.03690726
 -0.00702293  0.06002891 -0.07924166 -0.04277885]
Mshtml [ 0.07110915 -0.01560638  0.07946912 -0.09478951 -0.08056194 -0.06657429
 -0.03984809  0.04993507 -0.03846506 -0.08353607]
. [-0.00207247  0.00323573  0.05303967  0.0955613  -0.09958618 -0.07765338
  0.07012451  0.09455338 -0.05797241 -0.04438802]
dll [ 0.07481497  0.05133872  0.0682568   0.01015886  0.06031462 -0.03690726
 -0.00702293  0.06002891 -0.07924166 -0.04277885]
Pcwutl [ 0.08432772 -0.0374241   0.08633608 -0.04857143  0.03869396  0.04876166
  0.02425304 -0.02775995  0.02800603 -0.08298057]
. [-0.00207247  0.00323573  0.05303967  0.0955613  -0.09958618 -0.07765338
  0.07012451  0.09455338 -0.05797241 -0.04438802]
dll [ 0.07481497  0.05133872  0.0682568   0.01015886  0.06031462 -0.03690726
 -0.00702293  0.06002891 -0.07924166 -0.04277885]
Setupapi [-0.02743238 -0.02583092  0.0726202  -0.03443167 -0.06626904  0.04312296
 -0.00447491 -0.0358544   0.06840621  0.03834715]
. [-0.00207247  0.00323573  0.05303967  0.0955613  -0.09958618 -0.07765338
  0.07012451  0.09455338 -0.05797241 -0.04438802]
dll [ 0.07481497  0.05133872  0.0682568   0.01015886  0.06031462 -0.03690726
 -0.00702293  0.06002891 -0.07924166 -0.04277885]
Shdocvw [ 0.01644898 -0.02766108 -0.01578581  0.01083563 -0.03004411  0.0850086
  0.03934705 -0.09954984  0.06222032 -0.06787418]
. [-0.00207247  0.00323573  0.05303967  0.0955613  -0.09958618 -0.07765338
  0.07012451  0.09455338 -0.05797241 -0.04438802]
dll [ 0.07481497  0.05133872  0.0682568   0.01015886  0.06031462 -0.03690726
 -0.00702293  0.06002891 -0.07924166 -0.04277885]
Shell32 [-0.03885357  0.00778088  0.09146933  0.07760283  0.06347874  0.04656885
  0.02396785 -0.01839692 -0.06389637 -0.00323092]
. [-0.00207247  0.00323573  0.05303967  0.0955613  -0.09958618 -0.07765338
  0.07012451  0.09455338 -0.05797241 -0.04438802]
dll [ 0.07481497  0.05133872  0.0682568   0.01015886  0.06031462 -0.03690726
 -0.00702293  0.06002891 -0.07924166 -0.04277885]
Syssetup [-0.05318827 -0.01275697 -0.07353175  0.01971677  0.03256531 -0.00037728
 -0.0543691  -0.01712945  0.07071449  0.03724215]
. [-0.00207247  0.00323573  0.05303967  0.0955613  -0.09958618 -0.07765338
  0.07012451  0.09455338 -0.05797241 -0.04438802]
dll [ 0.07481497  0.05133872  0.0682568   0.01015886  0.06031462 -0.03690726
 -0.00702293  0.06002891 -0.07924166 -0.04277885]
Url [-0.08871707 -0.0341166   0.02363119  0.02149038 -0.09478142  0.04557494
 -0.08648412 -0.07375442  0.03471351 -0.03483225]
. [-0.00207247  0.00323573  0.05303967  0.0955613  -0.09958618 -0.07765338
  0.07012451  0.09455338 -0.05797241 -0.04438802]
dll [ 0.07481497  0.05133872  0.0682568   0.01015886  0.06031462 -0.03690726
 -0.00702293  0.06002891 -0.07924166 -0.04277885]
Zipfldr [ 0.03589667  0.08902602 -0.03573123  0.09325141  0.01683544  0.09830099
  0.05722946 -0.09145406 -0.03362447  0.0649533 ]
. [-0.00207247  0.00323573  0.05303967  0.0955613  -0.09958618 -0.07765338
  0.07012451  0.09455338 -0.05797241 -0.04438802]
dll [ 0.07481497  0.05133872  0.0682568   0.01015886  0.06031462 -0.03690726
 -0.00702293  0.06002891 -0.07924166 -0.04277885]
CL_Invocation [ 0.05658358  0.08727022  0.06953984  0.08109072 -0.09904004  0.04221168
 -0.04969314  0.03579429  0.05958797  0.04304345]
. [-0.00207247  0.00323573  0.05303967  0.0955613  -0.09958618 -0.07765338
  0.07012451  0.09455338 -0.05797241 -0.04438802]
ps1 [-0.08143299  0.04506343 -0.04127331  0.00837177  0.08486479 -0.04470976
  0.04526847 -0.06774814 -0.03582209  0.0937772 ]
CL_Mutexverifiers [ 0.07521687  0.01503458 -0.0124896   0.0577889  -0.05661811  0.00032601
  0.09469693 -0.05481971  0.03800761 -0.08126874]
. [-0.00207247  0.00323573  0.05303967  0.0955613  -0.09958618 -0.07765338
  0.07012451  0.09455338 -0.05797241 -0.04438802]
ps1 [-0.08143299  0.04506343 -0.04127331  0.00837177  0.08486479 -0.04470976
  0.04526847 -0.06774814 -0.03582209  0.0937772 ]
Manage [ 0.09867189  0.08207619  0.01326866  0.0521205   0.0125398  -0.0659373
 -0.01301472  0.06542905 -0.04793863 -0.04154327]
- [-0.01474462  0.00366357 -0.04098331 -0.07522222 -0.01705191  0.02288234
 -0.00726356  0.05657382 -0.02973952  0.02051161]
bde [ 0.05039975  0.02766063 -0.01785    -0.02731983  0.05823868 -0.05882627
 -0.03078427 -0.06378843 -0.04455299 -0.0879014 ]
. [-0.00207247  0.00323573  0.05303967  0.0955613  -0.09958618 -0.07765338
  0.07012451  0.09455338 -0.05797241 -0.04438802]
wsf [-0.04384889 -0.08475698  0.01454343 -0.08503641 -0.10062086 -0.08345512
 -0.06656826  0.06794234  0.03599469  0.00198409]
pester [-0.02904872 -0.0740659   0.00559497  0.00582787  0.00093863  0.0075632
  0.0086489   0.00018629 -0.08131664 -0.05971347]
. [-0.00207247  0.00323573  0.05303967  0.0955613  -0.09958618 -0.07765338
  0.07012451  0.09455338 -0.05797241 -0.04438802]
bat [-0.0831212  -0.01287939  0.01860645  0.07526407 -0.02092233 -0.0245185
  0.0959172   0.00176549 -0.02554685  0.08480939]
Pubprn [ 0.02710793 -0.05337658  0.06598329  0.04542836 -0.07100309 -0.00373566
  0.00868945  0.05787522 -0.01776119 -0.02854327]
. [-0.00207247  0.00323573  0.05303967  0.0955613  -0.09958618 -0.07765338
  0.07012451  0.09455338 -0.05797241 -0.04438802]
vbs [-0.07426789 -0.00906495  0.09617209 -0.0715699  -0.0252538  -0.02132733
  0.08224762 -0.05772964 -0.00158627 -0.04929054]
Slmgr [-0.01545291 -0.0056678  -0.06259033  0.07458624 -0.06619428 -0.07266949
 -0.02737952 -0.01489967 -0.07681118  0.00669375]
. [-0.00207247  0.00323573  0.05303967  0.0955613  -0.09958618 -0.07765338
  0.07012451  0.09455338 -0.05797241 -0.04438802]
vbs [-0.07426789 -0.00906495  0.09617209 -0.0715699  -0.0252538  -0.02132733
  0.08224762 -0.05772964 -0.00158627 -0.04929054]
SyncAppvPublishingServer [-0.09579442  0.05012186 -0.08733317 -0.04344042 -0.00093309 -0.00353836
 -0.07624704  0.0966751   0.04919644  0.09178554]
. [-0.00207247  0.00323573  0.05303967  0.0955613  -0.09958618 -0.07765338
  0.07012451  0.09455338 -0.05797241 -0.04438802]
vbs [-0.07426789 -0.00906495  0.09617209 -0.0715699  -0.0252538  -0.02132733
  0.08224762 -0.05772964 -0.00158627 -0.04929054]
Winrm [-0.05139011 -0.06657483 -0.07760271  0.08356515 -0.02031466 -0.06903335
 -0.04112351  0.0518408  -0.02925828 -0.03796531]
. [-0.00207247  0.00323573  0.05303967  0.0955613  -0.09958618 -0.07765338
  0.07012451  0.09455338 -0.05797241 -0.04438802]
vbs [-0.07426789 -0.00906495  0.09617209 -0.0715699  -0.0252538  -0.02132733
  0.08224762 -0.05772964 -0.00158627 -0.04929054]
AcroRd32 [-0.05092249  0.011284    0.02882337 -0.01541835  0.09940326  0.08360144
  0.02409437  0.07113747  0.05907318 -0.05567661]
. [-0.00207247  0.00323573  0.05303967  0.0955613  -0.09958618 -0.07765338
  0.07012451  0.09455338 -0.05797241 -0.04438802]
exe [ 0.07611212 -0.01442198 -0.04402826  0.06937817 -0.05332053 -0.02239759
  0.03258245  0.01293009 -0.08857147 -0.09942813]
Gpup [-0.00843284 -0.07251397  0.0677707   0.01094716  0.05861378  0.01505563
  0.00770865 -0.07396377 -0.02148517  0.04345171]
. [-0.00207247  0.00323573  0.05303967  0.0955613  -0.09958618 -0.07765338
  0.07012451  0.09455338 -0.05797241 -0.04438802]
exe [ 0.07611212 -0.01442198 -0.04402826  0.06937817 -0.05332053 -0.02239759
  0.03258245  0.01293009 -0.08857147 -0.09942813]
Nlnotes [ 0.06600933  0.08940123 -0.00674754  0.02977015 -0.06107654  0.01699325
 -0.06926233 -0.08694027 -0.05900203 -0.08956476]
. [-0.00207247  0.00323573  0.05303967  0.0955613  -0.09958618 -0.07765338
  0.07012451  0.09455338 -0.05797241 -0.04438802]
exe [ 0.07611212 -0.01442198 -0.04402826  0.06937817 -0.05332053 -0.02239759
  0.03258245  0.01293009 -0.08857147 -0.09942813]
Notes [ 0.07277595 -0.05772031  0.08276352 -0.07243545  0.03421675  0.09674998
 -0.07785448 -0.09945057 -0.04329146 -0.0268313 ]
. [-0.00207247  0.00323573  0.05303967  0.0955613  -0.09958618 -0.07765338
  0.07012451  0.09455338 -0.05797241 -0.04438802]
exe [ 0.07611212 -0.01442198 -0.04402826  0.06937817 -0.05332053 -0.02239759
  0.03258245  0.01293009 -0.08857147 -0.09942813]
Nvudisp [-0.00271289 -0.08831551 -0.08617558  0.02800211 -0.08206407 -0.09069337
 -0.02340466 -0.08631808 -0.0705665  -0.08401151]
. [-0.00207247  0.00323573  0.05303967  0.0955613  -0.09958618 -0.07765338
  0.07012451  0.09455338 -0.05797241 -0.04438802]
exe [ 0.07611212 -0.01442198 -0.04402826  0.06937817 -0.05332053 -0.02239759
  0.03258245  0.01293009 -0.08857147 -0.09942813]
Nvuhda6 [-0.00301329 -0.04564298  0.06627174  0.0152716  -0.03341476  0.06108972
 -0.06013285 -0.0465617  -0.07207509 -0.0433658 ]
. [-0.00207247  0.00323573  0.05303967  0.0955613  -0.09958618 -0.07765338
  0.07012451  0.09455338 -0.05797241 -0.04438802]
exe [ 0.07611212 -0.01442198 -0.04402826  0.06937817 -0.05332053 -0.02239759
  0.03258245  0.01293009 -0.08857147 -0.09942813]
ROCCAT_Swarm [-0.0180933   0.06489643 -0.02770393  0.04918968  0.06904443 -0.07463706
  0.0456485   0.06126978 -0.02954475  0.06625022]
. [-0.00207247  0.00323573  0.05303967  0.0955613  -0.09958618 -0.07765338
  0.07012451  0.09455338 -0.05797241 -0.04438802]
exe [ 0.07611212 -0.01442198 -0.04402826  0.06937817 -0.05332053 -0.02239759
  0.03258245  0.01293009 -0.08857147 -0.09942813]
Setup [ 0.06125879 -0.06443485 -0.06764551  0.02538959 -0.01623819 -0.06065128
  0.09499209 -0.05130147 -0.06554097 -0.00119885]
. [-0.00207247  0.00323573  0.05303967  0.0955613  -0.09958618 -0.07765338
  0.07012451  0.09455338 -0.05797241 -0.04438802]
exe [ 0.07611212 -0.01442198 -0.04402826  0.06937817 -0.05332053 -0.02239759
  0.03258245  0.01293009 -0.08857147 -0.09942813]
Usbinst [-0.02695276  0.00446394 -0.03544075 -0.00425738 -0.00704245  0.00832512
  0.08194368 -0.05750851 -0.01665024  0.05567509]
. [-0.00207247  0.00323573  0.05303967  0.0955613  -0.09958618 -0.07765338
  0.07012451  0.09455338 -0.05797241 -0.04438802]
exe [ 0.07611212 -0.01442198 -0.04402826  0.06937817 -0.05332053 -0.02239759
  0.03258245  0.01293009 -0.08857147 -0.09942813]
VBoxDrvInst [ 0.08168121 -0.04443033  0.08985434  0.08253665 -0.04435222  0.00303105
  0.04274491 -0.0392632  -0.05559965 -0.06512322]
. [-0.00207247  0.00323573  0.05303967  0.0955613  -0.09958618 -0.07765338
  0.07012451  0.09455338 -0.05797241 -0.04438802]
exe [ 0.07611212 -0.01442198 -0.04402826  0.06937817 -0.05332053 -0.02239759
  0.03258245  0.01293009 -0.08857147 -0.09942813]
Appvlp [-0.00653057 -0.00287464  0.04463133 -0.02467183 -0.00185499  0.0245911
  0.04875842 -0.00036733 -0.0636566  -0.09278729]
. [-0.00207247  0.00323573  0.05303967  0.0955613  -0.09958618 -0.07765338
  0.07012451  0.09455338 -0.05797241 -0.04438802]
exe [ 0.07611212 -0.01442198 -0.04402826  0.06937817 -0.05332053 -0.02239759
  0.03258245  0.01293009 -0.08857147 -0.09942813]
Bginfo [ 0.00033256  0.06669593  0.01461469 -0.08973629 -0.07939985  0.0655667
 -0.03790172  0.06245249 -0.06681275  0.08473428]
. [-0.00207247  0.00323573  0.05303967  0.0955613  -0.09958618 -0.07765338
  0.07012451  0.09455338 -0.05797241 -0.04438802]
exe [ 0.07611212 -0.01442198 -0.04402826  0.06937817 -0.05332053 -0.02239759
  0.03258245  0.01293009 -0.08857147 -0.09942813]
Cdb [-0.0652364   0.03279632 -0.01055106 -0.06766076 -0.03289353 -0.01173809
 -0.05452516 -0.01211274 -0.07565406  0.02644306]
. [-0.00207247  0.00323573  0.05303967  0.0955613  -0.09958618 -0.07765338
  0.07012451  0.09455338 -0.05797241 -0.04438802]
exe [ 0.07611212 -0.01442198 -0.04402826  0.06937817 -0.05332053 -0.02239759
  0.03258245  0.01293009 -0.08857147 -0.09942813]
csi [ 0.09070148 -0.0237725  -0.0097651   0.03513562  0.08665087 -0.05921853
 -0.06887577 -0.02932985  0.09147696  0.00866268]
. [-0.00207247  0.00323573  0.05303967  0.0955613  -0.09958618 -0.07765338
  0.07012451  0.09455338 -0.05797241 -0.04438802]
exe [ 0.07611212 -0.01442198 -0.04402826  0.06937817 -0.05332053 -0.02239759
  0.03258245  0.01293009 -0.08857147 -0.09942813]
dnx [-0.08684985 -0.0144954   0.0947381  -0.07565163 -0.05335662  0.09340834
 -0.08990911  0.03805053  0.00687191  0.06679808]
. [-0.00207247  0.00323573  0.05303967  0.0955613  -0.09958618 -0.07765338
  0.07012451  0.09455338 -0.05797241 -0.04438802]
exe [ 0.07611212 -0.01442198 -0.04402826  0.06937817 -0.05332053 -0.02239759
  0.03258245  0.01293009 -0.08857147 -0.09942813]
Dxcap [ 0.08301299 -0.02851719 -0.03971769  0.08925076  0.02069954  0.06215159
 -0.09435823  0.09627429 -0.01354758 -0.0605344 ]
. [-0.00207247  0.00323573  0.05303967  0.0955613  -0.09958618 -0.07765338
  0.07012451  0.09455338 -0.05797241 -0.04438802]
exe [ 0.07611212 -0.01442198 -0.04402826  0.06937817 -0.05332053 -0.02239759
  0.03258245  0.01293009 -0.08857147 -0.09942813]
Mftrace [ 0.02992535 -0.00456611  0.04706492 -0.02283021 -0.04137843  0.02277899
  0.08354384 -0.04995606  0.02668679 -0.07990555]
. [-0.00207247  0.00323573  0.05303967  0.0955613  -0.09958618 -0.07765338
  0.07012451  0.09455338 -0.05797241 -0.04438802]
exe [ 0.07611212 -0.01442198 -0.04402826  0.06937817 -0.05332053 -0.02239759
  0.03258245  0.01293009 -0.08857147 -0.09942813]
Msdeploy [-0.06794367 -0.00478287 -0.08767441  0.0279094   0.01610108 -0.02317823
  0.04995787  0.09749626  0.08470362 -0.01860185]
. [-0.00207247  0.00323573  0.05303967  0.0955613  -0.09958618 -0.07765338
  0.07012451  0.09455338 -0.05797241 -0.04438802]
exe [ 0.07611212 -0.01442198 -0.04402826  0.06937817 -0.05332053 -0.02239759
  0.03258245  0.01293009 -0.08857147 -0.09942813]
msxsl [ 0.02058152 -0.04003689 -0.08241405  0.06277956 -0.01949182 -0.00666205
 -0.01771332 -0.04535665  0.0406171  -0.0427018 ]
. [-0.00207247  0.00323573  0.05303967  0.0955613  -0.09958618 -0.07765338
  0.07012451  0.09455338 -0.05797241 -0.04438802]
exe [ 0.07611212 -0.01442198 -0.04402826  0.06937817 -0.05332053 -0.02239759
  0.03258245  0.01293009 -0.08857147 -0.09942813]
rcsi [-0.09578546  0.08943115  0.04165069  0.09234735  0.06643502  0.02924737
  0.0980402  -0.04424641 -0.06803311  0.04227381]
. [-0.00207247  0.00323573  0.05303967  0.0955613  -0.09958618 -0.07765338
  0.07012451  0.09455338 -0.05797241 -0.04438802]
exe [ 0.07611212 -0.01442198 -0.04402826  0.06937817 -0.05332053 -0.02239759
  0.03258245  0.01293009 -0.08857147 -0.09942813]
Sqldumper [ 0.03743284 -0.05656042  0.09699614 -0.03558804  0.09539685  0.00831506
 -0.06325252 -0.01988626 -0.07403558 -0.03001747]
. [-0.00207247  0.00323573  0.05303967  0.0955613  -0.09958618 -0.07765338
  0.07012451  0.09455338 -0.05797241 -0.04438802]
exe [ 0.07611212 -0.01442198 -0.04402826  0.06937817 -0.05332053 -0.02239759
  0.03258245  0.01293009 -0.08857147 -0.09942813]
Sqlps [ 0.01041697  0.09482688  0.09355848 -0.06595878  0.03475151  0.02275571
 -0.02489352 -0.09229173  0.01027126 -0.08165707]
. [-0.00207247  0.00323573  0.05303967  0.0955613  -0.09958618 -0.07765338
  0.07012451  0.09455338 -0.05797241 -0.04438802]
exe [ 0.07611212 -0.01442198 -0.04402826  0.06937817 -0.05332053 -0.02239759
  0.03258245  0.01293009 -0.08857147 -0.09942813]
SQLToolsPS [ 0.06302411 -0.05806228  0.05532636  0.09818959 -0.00138296  0.04540605
 -0.01824608  0.07354869  0.03963396 -0.08986798]
. [-0.00207247  0.00323573  0.05303967  0.0955613  -0.09958618 -0.07765338
  0.07012451  0.09455338 -0.05797241 -0.04438802]
exe [ 0.07611212 -0.01442198 -0.04402826  0.06937817 -0.05332053 -0.02239759
  0.03258245  0.01293009 -0.08857147 -0.09942813]
te [-0.02398504  0.03628769 -0.00099568 -0.01201271 -0.01055439 -0.01671601
  0.00604953  0.04165095 -0.04252791 -0.03833622]
. [-0.00207247  0.00323573  0.05303967  0.0955613  -0.09958618 -0.07765338
  0.07012451  0.09455338 -0.05797241 -0.04438802]
exe [ 0.07611212 -0.01442198 -0.04402826  0.06937817 -0.05332053 -0.02239759
  0.03258245  0.01293009 -0.08857147 -0.09942813]
Tracker [-0.00048301  0.00272849 -0.00175267 -0.04793732  0.04319473 -0.021622
  0.02102512  0.00649323  0.05964528 -0.06841693]
. [-0.00207247  0.00323573  0.05303967  0.0955613  -0.09958618 -0.07765338
  0.07012451  0.09455338 -0.05797241 -0.04438802]
exe [ 0.07611212 -0.01442198 -0.04402826  0.06937817 -0.05332053 -0.02239759
  0.03258245  0.01293009 -0.08857147 -0.09942813]
vsjitdebugger [-0.0681571  -0.04476257  0.09435829 -0.01591883 -0.09429242 -0.00545042
 -0.04448923  0.06000079 -0.09583686  0.02859001]
. [-0.00207247  0.00323573  0.05303967  0.0955613  -0.09958618 -0.07765338
  0.07012451  0.09455338 -0.05797241 -0.04438802]
exe [ 0.07611212 -0.01442198 -0.04402826  0.06937817 -0.05332053 -0.02239759
  0.03258245  0.01293009 -0.08857147 -0.09942813]
winword [-0.09252832  0.01249801  0.05999198  0.07397348 -0.07621463 -0.06053023
 -0.06838441 -0.0791834  -0.0949908  -0.02125497]
. [-0.00207247  0.00323573  0.05303967  0.0955613  -0.09958618 -0.07765338
  0.07012451  0.09455338 -0.05797241 -0.04438802]
exe [ 0.07611212 -0.01442198 -0.04402826  0.06937817 -0.05332053 -0.02239759
  0.03258245  0.01293009 -0.08857147 -0.09942813]
testxlst [ 0.00809412  0.04419111 -0.05093863 -0.02067657  0.08045772 -0.04284655
 -0.07603274  0.09283423 -0.02221881 -0.04777592]
. [-0.00207247  0.00323573  0.05303967  0.0955613  -0.09958618 -0.07765338
  0.07012451  0.09455338 -0.05797241 -0.04438802]
js [ 0.05495439  0.08364991 -0.01433649 -0.09139349  0.04281792  0.00495172
  0.07519554 -0.00752238 -0.02750696 -0.08852922]
